calibrated mapping, stationary, accumulation error after 1 h (deg); rows = sensor angle, cols = joint angle rel. to jig zero
             -150     -135      -90      -40       30       75      110      129      150
       5  +0.1335  +0.1212  -0.0013  +0.0000  +0.0000  -0.0069  +0.0008  +0.1341  +0.1388
      20  -0.0229  -0.0252  +0.0000  +0.0000  +0.0000  -0.0003  +0.0002  -0.0275  -0.0231
      50  -0.0109  +0.0069  +0.0023  +0.0000  +0.0000  +0.0050  -0.0026  -0.0023  -0.0051
     100  -0.0001  -0.0000  +0.0000  +0.0000  +0.0000  +0.0000  +0.0000  +0.0000  +0.0001
     150  +0.0000  +0.0000  +0.0000  +0.0000  +0.0000  +0.0000  +0.0000  +0.0000  +0.0000
     200  +0.0000  +0.0000  +0.0000  +0.0000  +0.0000  +0.0000  +0.0000  +0.0000  +0.0000
     260  +0.0000  +0.0000  +0.0000  +0.0000  +0.0000  +0.0000  +0.0000  +0.0000  +0.0000
     330  +0.0000  +0.0000  +0.0000  +0.0000  +0.0000  +0.0000  +0.0000  +0.0000  +0.0000
